# dinucleotide frequencies from H. sapiens 3'UTRs
AA: 0.0863875
AC: 0.0486841
AG: 0.0698675
AT: 0.0687696
CA: 0.0700628
CC: 0.0617567
CG: 0.0130357
CT: 0.0729138
GA: 0.0582891
GC: 0.0477981
GG: 0.0600536
GT: 0.0525618
TA: 0.0588781
TC: 0.0595386
TG: 0.0757252
TT: 0.0956777
