# dinucleotide frequencies from C. elegans 3'UTRs
AA: 0.129275
AC: 0.0478286
AG: 0.0465314
AT: 0.0924212
CA: 0.0619208
CC: 0.0341448
CG: 0.0289974
CT: 0.0525641
GA: 0.0575875
GC: 0.0311351
GG: 0.029876
GT: 0.0489973
TA: 0.0672161
TC: 0.064592
TG: 0.0621619
TT: 0.144751
