# dinucleotide frequencies from D. melanogaster 3'UTRs
AA: 0.108608
AC: 0.0547065
AG: 0.0544599
AT: 0.0872723
CA: 0.0680076
CC: 0.0442483
CG: 0.0391952
CT: 0.0523133
GA: 0.0551463
GC: 0.0514601
GG: 0.0408221
GT: 0.0517436
TA: 0.0736475
TC: 0.0534347
TG: 0.0646163
TT: 0.100022
