# dinucleotide frequencies from C. elegans coding sequence
AA: 0.103789
AC: 0.0565921
AG: 0.0607529
AT: 0.0817754
CA: 0.0739273
CC: 0.0398698
CG: 0.0433821
CT: 0.0545018
GA: 0.0838167
GC: 0.044407
GG: 0.0442801
GT: 0.0483436
TA: 0.0412813
TC: 0.0708102
TG: 0.0725687
TT: 0.0799021
