# dinucleotide frequencies from D. melanogaster coding sequence
AA: 0.0660328
AC: 0.0611442
AG: 0.068442
AT: 0.0565617
CA: 0.0815035
CC: 0.0683901
CG: 0.0653833
CT: 0.0571172
GA: 0.0734895
GC: 0.0828927
GG: 0.0674454
GT: 0.0467295
TA: 0.0306786
TC: 0.059933
TG: 0.0692581
TT: 0.0449983
